0.8734590841341232	0.4868975542591877	-4.877238684398718e-16
-0.4868975542591877	0.8734590841341232	-1.2338267791434357e-17
4.2697307420097743e-16	2.3573821041880733e-16	0.9999999999999999
0.4286576802125755	0.9000834972187725	-0.0781171634738313
-0.9028520225603215	0.4299513268144804	-0.0002862327805576559
0.033328944680414446	0.07065093491873849	0.9969441442937502
-0.17027957344560635	0.9730087155893311	-0.15575270865825308
-0.984998211261708	-0.17256076315841143	-0.0011431664019563427
-0.02798911714253027	0.15322148154024273	0.9877954175416054
-0.6914281236762875	0.6840353651926221	-0.23242798660076366
-0.7028578185036696	-0.7113257376812622	-0.002565517583460795
-0.1670869137836694	0.16158995661242204	0.9726102246862532
-0.9389133102252125	0.15421025137882977	-0.3076702687157337
-0.1606199509781988	-0.9870058655917296	-0.004544517057057327
-0.30437317100837685	0.045151075925153765	0.9514821874912355
-0.8308965377175418	-0.40550956763431784	-0.38101566131332476
0.4411980793523317	-0.8973819134938577	-0.0070679636329070965
-0.33905043634364374	-0.1739761244858934	0.9245415673316445
-0.42804112072435685	-0.7826020584375614	-0.45201196565835317
0.8797492848767722	-0.4753301750345559	-0.01012029942373875
-0.2069347595930763	-0.40198910785108355	0.8919544620894305
0.09803097171669573	-0.8483864420028299	-0.5202214659258682
0.9923060245083613	0.12305095402871233	-0.013682705764397325
0.07562196974882199	-0.5148775657750126	0.8539217821047227
0.5405124800175409	-0.6044498029895436	-0.5852236278647583
0.7367224001374134	0.6759627490263989	-0.01773321923517228
0.40630821315973453	-0.42156232943015154	0.8106780114967767
0.7430949780255891	-0.17232357538054946	-0.6466176915312581
0.20743834703242084	0.9779950966573744	-0.02224686707358385
0.6362225914046169	-0.117601769893981	0.7624897624914034
0.6585190444484547	0.26589709923114696	-0.7040251421072657
-0.39913531591771584	0.9164886179870423	-0.027195821139768053
0.6379997395657456	0.29891026365894946	0.7096541316679399
0.3567522934159376	0.5473019630015702	-0.7570920435700644
-0.8572968461462809	0.5137924124721014	-0.03254956948621248
0.3711737042546367	0.6606647547589668	0.6524968682600443
-0.016930489536587448	0.5923658090208539	-0.8054912208256032
-0.9960183840004794	-0.08051332256573167	-0.038275104474059574
-0.0875256377133308	0.8016360478374807	0.5913703658033425
-0.31152077765817965	0.426945403136036	-0.8489242768517405
-0.7629971614189717	-0.6448794855631259	-0.04433712627617556
-0.5663833831900742	0.6339148774408482	0.5266514895121058
-0.4342885913498671	0.15622238982734812	-0.8871234324151178
-0.24474180849679034	-0.9682619137169162	-0.05069826051232343
-0.866888035790706	0.19509851706737052	0.4587392527798819
-0.38107517666043167	-0.09301528079268101	-0.9198531770191803
0.36515932188719424	-0.9291787604033561	-0.057319288674645835
-0.8493764650448619	-0.357735920413846	0.3880523571292321
-0.22248486010186952	-0.23207472899640255	-0.9469117209046986
0.8381183686908293	-0.5417021070180142	-0.06415938992280662
-0.4980543013452192	-0.8078985997100688	0.31502661077762206
-0.05713539835151069	-0.2438350134254502	-0.9681322391507394
0.9962515823959576	0.049160000889982625	-0.07117639275804642
0.06494867842200458	-0.9685699667759203	0.24011224173483442
0.04197508656155474	-0.1766187898390846	-0.9833839002057778
0.77957949200064	0.6213861047982127	-0.07832703502449577
0.6248951174078525	-0.7633381372887652	0.1637711219975737
0.0605286568759464	-0.10552616494349633	-0.9925726725077172
0.26922953324293153	0.9592672763475737	-0.08556723063475195
0.9611720658272308	-0.26205060778602596	0.08647391995502009
0.04014123971828824	-0.08417766589523511	-0.9956419042197395
-0.3425073795664493	0.9349155778163367	-0.09285234137526872
0.9386572195516332	0.3447419076944017	0.008697198561690486
0.04389656794583905	-0.11345739779082067	-0.9925726725077171
-0.8243949833097693	0.5570865302423348	-0.10013745211578552
0.5643102008791453	0.8226676222564564	-0.06907952283163912
0.1108165085118572	-0.1437908420495356	-0.9833839002057777
-0.9937196814172287	-0.031483893229137846	-0.1073776477260417
-0.015520831333505902	0.9891071520365332	-0.1463767248741927
0.22543192209443613	-0.10908902794407765	-0.9681322391507393
-0.7859001722406489	-0.6076546634919495	-0.11452828999249103
-0.5757962901694718	0.7866736260474874	-0.2227178446114535
0.320375102901612	0.026795265516210004	-0.9469117209046984
-0.2795877963982486	-0.9523956141733291	-0.12154529282773083
-0.9050914083925186	0.30368504712830885	-0.29763221365424103
0.3121482758248854	0.23755754382311742	-0.91985317701918
0.3326780876331633	-0.9342603922872466	-0.12838539407589164
-0.8898813088880407	-0.2659397164321423	-0.37065796000585105
0.15197876155003415	0.43579177561966265	-0.8871234324151175
0.8174767165842782	-0.559915246976741	-0.13500642223821402
-0.5555486242268138	-0.7046846418826201	-0.4413448556565009
-0.1356591103198268	0.5108073785283286	-0.8489242768517402
0.9895649599119237	0.027864028620804476	-0.1413675564743619
-0.048557140584531616	-0.8592435149304508	-0.5092570923887247
-0.4496294094547228	0.3860275732720101	-0.8054912208256026
0.7829672737646498	0.6043399437922101	-0.14742957827647785
0.42987863678827887	-0.6969619394277933	-0.5739759686799613
-0.6498327071888967	0.06729851581167179	-0.757092043570064
0.2766822217932148	0.9486782697124257	-0.15315511326432493
0.7079296580954352	-0.308999110589309	-0.6351024711366631
-0.6211232942888733	-0.34431737187162437	-0.7040251421072653
-0.3351715078990932	0.928727624809075	-0.15850886161076935
0.7084249526833352	0.13751562218130536	-0.6922597345445586
-0.333849682139863	-0.6858789621601613	-0.6466176915312575
-0.8176162473257527	0.5520735590508501	-0.16345781567695356
0.4690928072823819	0.47411479059720074	-0.745095365368022
0.1294438194908155	-0.8004733618206422	-0.5852236278647577
-0.9851159457031352	-0.03649878033474423	-0.16797146351536513
0.11309673344993978	0.5982559954147014	-0.7932836143733953
0.59751563175709	-0.6102005376889365	-0.5202214659258675
-0.7731619604009716	-0.6104334709226767	-0.17202197698614008
-0.2125926922423537	0.505001268692888	-0.8365273849813414
0.8775417872750607	-0.16001748181922104	-0.4520119656583524
-0.2634108286413603	-0.9485699023721023	-0.17558438332679863
-0.4006683752688303	0.27314747999206496	-0.874560064966049
0.8381116585943997	0.39037919201990573	-0.38101566131332393
0.3475400727163618	-0.9204916188859051	-0.1786367191176303
-0.42045778097741265	0.01729930630663376	-0.9071471702082629
0.47118459000465557	0.8266341923066898	-0.3076702687157329
0.823875039818487	-0.5370390238427719	-0.18116016569348006
-0.31498412802271647	-0.16812197649168115	-0.9340877903678537
-0.09628852017136813	0.9678356017051262	-0.2324279866007628
0.9816204197824944	0.0536786516964209	-0.18313916516707657
-0.16477218317800935	-0.24579025697559834	-0.9552158275628715
-0.6488731998085723	0.7447849785782485	-0.15575270865825222
0.7598251098200149	0.6233801802833602	-0.18456151634858103
-0.04036549339704404	-0.23810184063564718	-0.9704010204182236
-0.9692165924788595	0.23348855568201007	-0.07811716347383045
0.24424258034849178	0.9518222314883388	-0.18541844996997975
0.03106056677491302	-0.19879017583896896	-0.9795497471703685
-0.9281441630107775	-0.3722209191716974	3.6579290132990386e-16
-0.3657463606859948	0.9119996548516192	-0.18570468275053734
0.06912316770789315	-0.17236071733867958	-0.982605602876618
-0.5393209865670098	-0.8384691897852836	0.07811716347383116
-0.834224685989899	0.5193160614652551	-0.18541844996997972
0.11490015984950458	-0.16516732753491364	-0.9795497471703684
0.045536198479174596	-0.986745939121962	0.15575270865825294
-0.9800041125509976	-0.0743571520853523	-0.184561516348581
0.1936966546205612	-0.14423406518597884	-0.9704010204182235
0.5991181000468648	-0.7661819191555945	0.23242798660076355
-0.7467057471090696	-0.6394455202878451	-0.18313916516707657
0.28894295186164565	-0.06383332470471204	-0.9552158275628714
0.9117831913148071	-0.27201179714154683	0.3076702687157336
-0.2245151189936182	-0.9574831359920616	-0.18116016569348006
0.3438667959822047	0.09610216702360909	-0.9340877903678536
0.8756058265117882	0.29688634595174357	0.38101566131332465
0.38477526106195814	-0.905558899827941	-0.1786367191176303
0.29199732028446845	0.30302075263887596	-0.9071471702082626
0.5238137693545817	0.7220140704558443	0.4520119656583531
0.8458342788545541	-0.5037206537817803	-0.17558438332679863
0.10091336754435207	0.47430073267647266	-0.8745600649660488
0.010328284076864251	0.8539689414363784	0.5202214659258682
0.9806998437979252	0.09293145758302361	-0.17202197698614005
-0.19524636468511525	0.511957802219603	-0.836527384981341
-0.459511198558126	0.6681038570375758	0.5852236278647582
0.7373622529960069	0.6542801351876419	-0.1679714635153651
-0.4951225770012181	0.35433704422534695	-0.7932836143733949
-0.7152486160765689	0.26515085932227306	0.6466176915312581
0.20960251574722352	0.9640271406379358	-0.16345781567695353
-0.6666979845424674	0.018619718421773956	-0.7450953653680217
-0.6869178645394021	-0.1802566133529419	0.7040251421072656
-0.39940719874854175	0.9029666828730175	-0.1585088616107693
-0.6071389766474151	-0.3900752785858483	-0.6922597345445581
-0.4232662614746038	-0.49765179539535054	0.7570920435700644
-0.8555030874392519	0.49462913244460194	-0.15315511326432488
-0.2982618636018021	-0.7125199729669929	-0.6351024711366625
-0.05831302785556765	-0.5897317050618825	0.8054912208256032
-0.9835778173656091	-0.10411146255587876	-0.1474295782764778
0.17080476564961536	-0.8008603619915774	-0.5739759686799606
0.25487362309419676	-0.46299784926345694	0.8489242768517405
-0.7346122834337525	-0.6635962680762425	-0.14136755647436183
0.6287958566013976	-0.58759934017381	-0.5092570923887242
0.4109759719804125	-0.21002563204231803	0.8871234324151178
-0.2040834393797809	-0.9695995130595706	-0.13500642223821396
0.8885092572537859	-0.12556280563872588	-0.4413448556565002
0.3897932093289343	0.04394754474109022	0.9198531770191802
0.40503256225045703	-0.9052435109432199	-0.12838539407589156
0.8270488966668652	0.4226142439701035	-0.3706579600058503
0.25011435018025197	0.2019925856243553	0.9469117209046986
0.8601720332731323	-0.4953088076808109	-0.12154529282773077
0.4444624674915483	0.8449072022338316	-0.29763221365424036
0.08759045953381071	0.23462284397652156	0.9681322391507394
0.987988322396757	0.10374172544852664	-0.11452828999249094
-0.12730666206564936	0.9665349323668189	-0.22271784461145275
-0.019242582604699757	0.18051545039351646	0.9833839002057778
0.7401168878869882	0.6638501585699152	-0.10737764772604164
-0.6722028825281701	0.7257528085622019	-0.14637672487419198
-0.04666034658647407	0.11234901800780542	0.9925726725077172
0.21103917633916786	0.9723347966281183	-0.10013745211578545
-0.9763632920724311	0.20479927104078616	-0.0690795228316384
-0.029144273651665695	0.0885878652807919	0.9956419042197395
-0.3983796359206807	0.9125086894845641	-0.09285234137526865
-0.9167574799242287	-0.39934957335667176	0.008697198561691212
-0.02915687654119708	0.11810743558832168	0.9925726725077171
-0.8574319824459865	0.5074333892445833	-0.08556723063475187
-0.5137706414628095	-0.8535584274895922	0.0864739199550208
-0.09169071416802516	0.15668094252789894	0.9833839002057775
-0.9929068129886062	-0.08944795305137113	-0.0783270350244956
0.0756893232640269	-0.9835904360776841	0.16377112199757526
-0.2097810041460446	0.13679143911975206	0.9681322391507393
-0.7541605021874817	-0.6528214595540482	-0.07117639275804635
0.6222811802069887	-0.7450585508060887	0.24011224173483514
-0.3211868941277149	0.014041789554561812	0.9469117209046984
-0.2315897123784443	-0.9706955124060289	-0.06415938992280655
0.9182620454756157	-0.2399021682705321	0.3150266107776228
-0.33974930251363994	-0.19606260267887934	0.9198531770191801
0.37804062465963034	-0.924012870718146	-0.057319288674645766
0.8611943436579524	0.3282676812876874	0.3880523571292327
-0.20600684317463222	-0.41300508014459364	0.8871234324151179
0.8459445673032412	-0.5308554185756768	-0.05069826051232345
0.491872920189102	0.7400130595763841	0.45873925277988187
0.06979828834192188	-0.5238852652215825	0.8489242768517402
0.9971521296652115	0.06100696302639706	-0.04433712627617551
-0.028562724811748	0.8496013061112888	0.5266514895121065
0.3970556642694828	-0.4399212345913751	0.8054912208256028
0.7756554794639327	0.6299949154993845	-0.03827510447405953
-0.49061734238517957	0.639981026125403	0.591370365803343
0.6360552994038683	-0.14914856239052243	0.7570920435700641
0.264738079836502	0.9637708620884656	-0.03254956948621243
-0.7248085300165398	0.2211344200392519	0.6524968682600448
0.659766934879312	0.2627854465544151	0.7040251421072646
-0.34471102509728996	0.9383148173661701	-0.027195821139767956
-0.6677438886401981	-0.22474232487514978	0.709654131667941
0.4181188568151383	0.6380142495073202	0.6466176915312576
-0.8257029129813153	0.5636663697610322	-0.02224686707358381
-0.37867046500852464	-0.5246122768540877	0.7624897624914039
-0.02690600889630983	0.8104254265964779	0.5852236278647578
-0.9996349819126044	-0.020382244040942625	-0.01773321923517225
-0.0024432809619280467	-0.5854871408099176	0.8106780114967771
-0.5153251574019033	0.6810356881534513	0.5202214659258676
-0.8023631516821466	-0.5966792743054328	-0.013682705764397297
0.30108695583069744	-0.42445757747470736	0.8539217821047232
-0.8501706662640444	0.2699907797052015	0.45201196565835333
-0.307544476913748	-0.9514798864187425	-0.01012029942373875
0.4273479062122572	-0.1476177652410249	0.8919544620894305
-0.8808443158743673	-0.28096326632815904	0.381015661313324
0.3011019548832456	-0.9535657589571743	-0.007067963632907055
0.3653093264033997	0.10849878487172157	0.9245415673316447
-0.5721919402095116	-0.76022061883881	0.30767026871573294
0.7980837307519286	-0.6025294234091818	-0.004544517057057313
0.18883522517887824	0.2429462998659077	0.9514821874912356
-0.027201796779131347	-0.9722331476023137	0.23242798660076291
0.9995882022585845	-0.02858048328808262	-0.0025655175834607812
0.009137185422122945	0.23226248659290039	0.9726102246862534
0.5492040923983863	-0.8210456495460422	0.1557527086582515
0.8312890805725521	0.5558391473181951	-0.0011431664019563288
-0.08563486097206832	0.1301033576434492	0.9877954175416057
0.9317901024811769	-0.3544924733882522	0.07811716347383058
0.35560000487200755	0.9346381944933686	-0.00028623278055764205
-0.07290981726177963	0.028045172583810823	0.9969441442937503
0.9678478920094116	0.251536196069151	-2.438619342199359e-16
-0.251536196069151	0.9678478920094116	-1.2338267791434357e-17
2.365204235509872e-16	5.941944381170033e-17	0.9999999999999999
0.6412790112224139	0.7633209931191501	-0.07811716347383105
-0.7656751055896421	0.6432274486922069	-0.00028623278055764216
0.05002861627002589	0.059995922465684345	0.9969441442937502
0.07994218484988584	0.9845559104627042	-0.15575270865825197
-0.9967337203583408	0.08075013232929115	-0.0011431664019563288
0.011451540597110904	0.15533536397664763	0.9877954175416055
-0.4971375982387869	0.8359613863463348	-0.2324279866007634
-0.8591836282435413	-0.5116609337029684	-0.0025655175834607812
-0.1210689942786134	0.19842290558330403	0.9726102246862532
-0.8699358080543524	0.38542274921598657	-0.3076702687157334
-0.4037233818977881	-0.9148698149320105	-0.004544517057057313
-0.2832298020580349	0.12026024327706918	0.9514821874912355
-0.9061817966202252	-0.18347102580001767	-0.38101566131332454
0.20128859811824745	-0.9795064798957047	-0.007067963632907069
-0.3719105426601018	-0.08309896831017019	0.9245415673316446
-0.611131441201691	-0.6497719172728347	-0.45201196565835383
0.7319007467596907	-0.6813360965281241	-0.010120299423738792
-0.3013961819057293	-0.33701272838188684	0.8919544620894303
-0.11852082909039505	-0.8457673672243843	-0.520221465925868
0.9913530629477195	-0.13050627627489872	-0.013682705764397325
-0.05631978032539391	-0.5173448292881581	0.8539217821047229
0.3710928602310135	-0.7209739208004521	-0.5852236278647581
0.8830643205436598	0.46891677163258066	-0.01773321923517225
0.28720636286184537	-0.5102094342594046	0.8106780114967769
0.6758572914005849	-0.3536982932662406	-0.646617691531258
0.44676993328472925	0.8943722399639698	-0.02224686707358385
0.5861855920895901	-0.27385363558364456	0.7624897624914035
0.7042290139039138	0.09170657150262668	-0.704025142107265
-0.1557722134283379	0.9874185560521788	-0.027195821139767984
0.692673453728059	0.12881964099881488	0.7096541316679407
0.48294820902673574	0.4399689363588888	-0.7570920435700644
-0.7004955563665651	0.7129140909232742	-0.03254956948621246
0.5254207865212076	0.5460593685692696	0.6524968682600445
0.13261530367386132	0.5775786304949041	-0.8054912208256031
-0.9842463082485561	0.1726100260025133	-0.038275104474059574
0.11692897814732683	0.7978776250271985	0.5913703658033426
-0.1941125053395532	0.4915769598369634	-0.8489242768517403
-0.9006757270100962	-0.432223847107497	-0.04433712627617554
-0.38872042658655903	0.755999099568937	0.526651489512106
-0.3810297119837001	0.2604388109434495	-0.8871234324151182
-0.4804257620151855	-0.8755688285755455	-0.05069826051232348
-0.7899414192063527	0.40687940741847484	0.4587392527798814
-0.39221951633480795	0.005829556913687597	-0.9198531770191802
0.11969658907599079	-0.9911544913430026	-0.057319288674645814
-0.9120507538342714	-0.1325850314205342	0.3880523571292323
-0.2737066973891376	-0.1686500418548223	-0.9469117209046986
0.6749134089898307	-0.7351023486906154	-0.0641593899228066
-0.685256546243855	-0.6566442722904905	0.31502661077762234
-0.11663170659913732	-0.22162358297967322	-0.9681322391507394
0.9765855135555888	-0.203013930131208	-0.07117639275804641
-0.18076996357011144	-0.9537653441176884	0.24011224173483464
-0.003800519504947558	-0.18149837703837904	-0.9833839002057777
0.9108154650777595	0.40531477170152086	-0.07832703502449566
0.41279625074203014	-0.8959789478402816	0.1637711219975748
0.03203888284789306	-0.1173584243961509	-0.9925726725077172
0.5018636779219329	0.8607038386252088	-0.08556723063475193
0.8643531447091108	-0.49539469355159954	0.08647391995502034
0.017676884370721978	-0.09156815123521407	-0.9956419042197395
-0.09632993722133462	0.9910090745780606	-0.0928523413752687
0.9951924793495365	0.09755146223045902	0.008697198561690728
0.013946558496620007	-0.12085107900630634	-0.9925726725077171
-0.6577615200809701	0.7465402021221164	-0.10013745211578548
0.7530971226919353	0.6542726826931421	-0.06907952283163886
0.0710849227243236	-0.16704202638063922	-0.9833839002057777
-0.9696888376482337	0.21948484892866793	-0.10737764772604176
0.23377444663969377	0.9612093229434522	-0.14637672487419334
0.19074397146879402	-0.1622858738932241	-0.9681322391507394
-0.9134789676113935	-0.39043494531486167	-0.11452828999249101
-0.3594063342234454	0.9062140192094214	-0.22271784461145325
0.3168143471562332	-0.05465219345344011	-0.9469117209046984
-0.5101604293177096	-0.85144763676329	-0.12154529282773079
-0.7996030301307894	0.5215841826598429	-0.29763221365424075
0.361866371672285	0.15140297810960174	-0.9198531770191801
0.08698148061947254	-0.9879025319419028	-0.12838539407589158
-0.9281632136009161	-0.03355183455969468	-0.3706579600058507
0.25670972951399446	0.3835519918249303	-0.8871234324151179
0.6503541655672148	-0.7475377751550814	-0.13500642223821394
-0.7149402591141609	-0.5422869575080335	-0.4413448556564999
-0.002810839035842158	0.5285070211034707	-0.8489242768517402
0.9647571722235707	-0.22194326441603857	-0.14136755647436183
-0.26312677139944174	-0.8194031462135642	-0.5092570923887244
-0.3380729687675431	0.48671404434388327	-0.805491220825603
0.9098065960196094	0.3879645309669833	-0.14742957827647785
0.2407459773867701	-0.7826831809550969	-0.573975968679961
-0.6120112031431744	0.22859117391130418	-0.7570920435700641
0.5064132283759741	0.8485806699464792	-0.1531551132643249
0.6074437664122232	-0.47713407109850847	-0.6351024711366628
-0.6877611530165451	-0.1770118518128044	-0.7040251421072647
-0.0907864234529339	0.9831748400500708	-0.1585088616107694
0.7202377536050004	-0.0451003127519006	-0.6922597345445591
-0.49563909621270263	-0.5798512285959588	-0.6466176915312574
-0.6524616784528667	0.7399833110581527	-0.16345781567695356
0.5732675156119724	0.3408771803027745	-0.7450953653680222
-0.07606609665921979	-0.8072962618071766	-0.5852236278647579
-0.9626231558002017	0.21246705006133762	-0.16797146351536513
0.25994347242485394	0.5505728819242657	-0.7932836143733952
0.4248167225491403	-0.7408781132092834	-0.520221465925868
-0.9018492867851262	-0.39632852957986675	-0.17202197698614005
-0.07873129090625972	0.5422391704852324	-0.836527384981341
0.8090767802829673	-0.37560610552628	-0.4520119656583534
-0.49354128018135757	-0.8518140225945418	-0.1755843833267986
-0.3190795643156957	0.3651478117183321	-0.8745600649660485
0.909359099024338	0.16701225959675753	-0.38101566131332376
0.10482896643922965	-0.9783147808237245	-0.17863671911763032
-0.40258777529493733	0.12250344797683674	-0.9071471702082631
0.6639634324568494	0.6815361810707539	-0.3076702687157331
0.6623009673693865	-0.7270064807052862	-0.18116016569348006
-0.3471454867655541	-0.0834865911629345	-0.9340877903678537
0.15025304440064094	0.9609376950110003	-0.23242798660076347
0.9635613778977197	-0.19496029648560356	-0.18313916516707657
-0.22129955642112617	-0.1964414139156793	-0.9552158275628714
-0.4406701782151085	0.8840536679283008	-0.1557527086582516
0.8921978100885006	0.4122136756057425	-0.18456151634858106
-0.09895888896480387	-0.2202929818812242	-0.9704010204182238
-0.8793234128092727	0.46977446126439865	-0.07811716347383026
0.4758074099718608	0.8597832907347059	-0.18541844996997975
-0.019941020568736367	-0.2002115094522396	-0.9795497471703685
-0.9919294057566324	-0.126791379814616	1.2193096710996795e-16
-0.12458592020229904	0.9746753917545413	-0.18570468275053734
0.023545752963976027	-0.18420593560696447	-0.982605602876618
-0.7328860304850923	-0.675851888427196	0.0781171634738305
-0.6767758171389507	0.7124566595566608	-0.18541844996997975
0.06966031621884752	-0.18875839891977572	-0.9795497471703685
-0.2041302063052359	-0.9664739792769382	0.15575270865825186
-0.9671984296791207	0.17454009370157764	-0.18456151634858106
0.15118881076331303	-0.1883183556407738	-0.9704010204182238
0.38713270475368505	-0.8922474432324317	0.23242798660076375
-0.8835412770574879	-0.4310624756546666	-0.1831391651670766
0.263596435191601	-0.13446055974767723	-0.9552158275628714
0.8140466269447303	-0.49261252004825834	0.3076702687157332
-0.45813815047002343	-0.8702243558128082	-0.18116016569348004
0.35698392715052785	0.006517333955484678	-0.9340877903678536
0.9221309155461649	0.06709426523900526	0.381015661313324
0.14462308433689455	-0.9732281777978748	-0.1786367191176303
0.3588296783585146	0.219830101469898	-0.9071471702082629
0.688584725266201	0.5670416730997309	0.45201196565835366
0.6919349466449488	-0.7002829099322644	-0.1755843833267986
0.21697259214362224	0.4336675996948103	-0.8745600649660484
0.22480030706197657	0.8239141025220905	0.5202214659258682
0.9725439018493758	-0.15673799287145268	-0.17202197698614002
-0.06019286436474587	0.5446088075452385	-0.8365273849813408
-0.2766846421008353	0.7622066086136644	0.5852236278647581
0.8782296385782083	0.4477703533813914	-0.16797146351536513
-0.3900747502060629	0.46748561092119206	-0.7932836143733951
-0.6255568267939668	0.43653661639116864	0.6466176915312576
0.4453510728893034	0.8803090164087071	-0.16345781567695356
-0.6405787058026589	0.18571973018310206	-0.745095365368022
-0.7101730700171743	-0.0016762765962124726	0.704025142107265
-0.15943661077509846	0.9743997680292251	-0.15850886161076938
-0.6857362304610509	-0.2248161074330869	-0.6922597345445589
-0.5348347985076322	-0.37518445579235254	0.7570920435700647
-0.7035797293455187	0.6939157555028407	-0.15315511326432488
-0.46789667957721925	-0.6145872992478105	-0.6351024711366623
-0.20477701087933575	-0.556102750387196	0.8054912208256031
-0.9781415184230252	0.14664136314941606	-0.14742957827647782
-0.03613233665877996	-0.8180745941694296	-0.5739759686799608
0.13021818104858984	-0.5122214340460058	0.8489242768517402
-0.8779114309631622	-0.4574786698423014	-0.1413675564743619
0.46077624147584895	-0.7268717006069034	-0.5092570923887247
0.3449331795868147	-0.30664819790787895	0.887123432415118
-0.4414110998232632	-0.8870904727857549	-0.13500642223821388
0.8283582211657874	-0.34501793549407844	-0.44134485565649956
0.3883149341993451	-0.05551256259153163	0.9198531770191803
0.16430840231033872	-0.9780183738142153	-0.12838539407589156
0.9067603105606146	0.20099357172884752	-0.3706579600058502
0.2928810932053837	0.13258528597141428	0.9469117209046986
0.7079275958052715	-0.6957479866221601	-0.12154529282773079
0.6426968059203246	0.7059432562572496	-0.29763221365424053
0.14379037930471614	0.20504705395684547	0.9681322391507393
0.982317214154588	-0.14810861408765363	-0.11452828999249101
0.11990503573651728	0.9674810303549383	-0.2227178446114534
0.02678227671291921	0.1795517041694279	0.9833839002057777
0.8833029134285683	0.45633978995637164	-0.10737764772604175
-0.4680370421052974	0.8715016819446929	-0.14637672487419312
-0.016900273462359165	0.12047352633581171	0.9925726725077172
0.44883121800077613	0.8879881916060024	-0.10013745211578544
-0.8934567244723368	0.44380525123134346	-0.0690795228316382
-0.005924169167292852	0.09307041840116657	0.9956419042197395
-0.1560419262123073	0.9833765097688084	-0.09285234137526867
-0.9877326670125018	-0.15591195353002404	0.00869719856169097
0.001488873577392344	0.12164404237922463	0.9925726725077172
-0.7022258722627369	0.7067935153680581	-0.08556723063475194
-0.7119526722896042	-0.6968828119471048	0.08647391995502013
-0.049331736144363425	0.17470685340036343	0.9833839002057777
-0.9834821637695192	0.1631799899849734	-0.07832703502449564
-0.1741528448122725	-0.9710045346152858	0.16377112199757504
-0.1686281043953587	0.18516082178744972	0.9681322391507393
-0.8941208789274523	-0.4421332095420484	-0.07117639275804635
0.41486433478190016	-0.8776295887759501	0.2401122417348354
-0.3073280400920004	0.09438044599657396	0.9469117209046984
-0.46830867166855433	-0.8812324101647464	-0.06415938992280658
0.8283939061903125	-0.4631649497627388	0.3150266107776225
-0.3781424875187565	-0.10429952953320325	0.9198531770191802
0.13346313905136395	-0.9893948098006117	-0.05731928867464582
0.9160763339633236	0.1010916340691135	0.3880523571292321
-0.30326901572288895	-0.34790791851076014	0.8871234324151179
0.6852163135700291	-0.7265729763750673	-0.05069826051232346
0.6621982389888769	0.5924962364766431	0.4587392527798817
-0.06422198055292293	-0.5245980455411648	0.84892427685174
0.9804370461225607	-0.19177439303524907	-0.04433712627617549
0.18606110771552367	0.8294693923167699	0.5266514895121066
0.2736333737544559	-0.5256507109674959	0.805491220825603
0.9091830453123386	0.41463382217817474	-0.03827510447405954
-0.31386456774273935	0.7428123070906161	0.5913703658033428
0.5780885186965526	-0.3043440522075781	0.7570920435700644
0.4986494490364013	0.8661923876956871	-0.03254956948621248
-0.6458810970503154	0.3963400628045509	0.6524968682600443
0.7046540887490838	0.08838107540669464	0.7040251421072647
-0.09760769911720535	0.994853318025114	-0.027195821139767956
-0.7028053445174157	-0.049554627678727384	0.709654131667941
0.5651591315369029	0.5123287197095643	0.6466176915312575
-0.6573723292531982	0.7532374775843504	-0.02224686707358381
-0.4984543878557781	-0.41249555794350523	0.7624897624914039
0.17781040501112128	0.7911363758914087	0.585223627864758
-0.9726214821563911	0.23171746887850858	-0.01773321923517225
-0.1496359325753219	-0.5660479214324041	0.810678011496777
-0.32745124090539246	0.7887618849941087	0.5202214659258682
-0.9266519199136845	-0.37567140280203376	-0.013682705764397325
0.18463993108155544	-0.4865446391620122	0.8539217821047229
-0.7549234334911015	0.47515870240129043	0.4520119656583535
-0.536987904946187	-0.8435292345147731	-0.010120299423738764
0.3764765590412126	-0.2503650096384139	0.8919544620894304
-0.9231957455548281	-0.05036547650361065	0.38101566131332393
0.051564588603776274	-0.998644650059373	-0.007067963632907069
0.3808552331156664	0.013121801871581264	0.9245415673316448
-0.745017765792603	-0.591850939343503	0.30767026871573316
0.6208656972711745	-0.7839037780982413	-0.004544517057057313
0.2438735627438463	0.1876361699713481	0.9514821874912355
-0.2708790293117742	-0.9341315659605055	0.23242798660076364
0.960260308385346	-0.27909417453470664	-0.002565517583460795
0.06726582801684143	0.2224964251779442	0.9726102246862532
0.32502332362477904	-0.9327920094241373	0.15575270865825178
0.9443750490253274	0.32886845386717756	-0.0011431664019563288
-0.050155815996877205	0.14746052761838402	0.9877954175416057
0.8126633981904134	-0.5774737310150239	0.07811716347383038
0.5792620512577122	0.8151413337842113	-0.00028623278055764205
-0.06351123691376993	0.04548291925640647	0.9969441442937503
1.0	0.0	0.0
0.0	1.0	-1.2338267791434357e-17
0.0	-1.984464195153926e-18	0.9999999999999999
